# -------------------------------
# MBD ATG TooL 1.0.0
# -------------------------------
# 
# -------------------------------
# Process: Unit Test Fix
# -------------------------------
# 
2022-07-31 10:46:46.34   stage_1A_extracting environments begin...
2022-07-31 10:53:11.44    Done.
2022-07-31 10:53:15.73   stage_1B_variable_prep_and_check begin...
2022-07-31 10:53:15.78    Done.
2022-07-31 10:53:15.79   stage_2_creating_parameter begin...
2022-07-31 10:53:15.91    Done.
2022-07-31 10:53:15.93   stage_3_populate_testeditor begin...
2022-07-31 10:53:25.41    Done.
2022-07-31 10:53:25.42    Done.
2022-07-31 10:53:25.44   stage_4_test_fix begin...
2022-07-31 10:53:51.99    Done.
2022-07-31 10:53:52.01    Done.
2022-07-31 10:53:53.08    Done.
2022-07-31 10:53:53.10   stage_4_test_fix_static begin...
2022-07-31 10:54:36.02    Done.
2022-07-31 10:54:36.03    Done.
2022-07-31 10:54:36.05    Done.
